  0.0750  1.03450e+00 
  0.0830  1.03480e+00 
  0.0900  1.03370e+00 
  0.0980  1.03110e+00 
  0.1050  1.02690e+00 
  0.1130  1.02130e+00 
  0.1200  1.01400e+00 
  0.1280  1.00530e+00 
  0.1350  9.95050e-01 
  0.1430  9.83390e-01 
  0.1500  9.70340e-01 
  0.1580  9.55980e-01 
  0.1650  9.40370e-01 
  0.1730  9.23600e-01 
  0.1800  9.05740e-01 
  0.1880  8.86880e-01 
  0.1950  8.67100e-01 
  0.2030  8.46490e-01 
  0.2100  8.25150e-01 
  0.2180  8.03150e-01 
  0.2260  7.80590e-01 
  0.2330  7.57560e-01 
  0.2410  7.34130e-01 
  0.2480  7.10400e-01 
  0.2560  6.86450e-01 
  0.2630  6.62350e-01 
  0.2710  6.38180e-01 
  0.2780  6.14020e-01 
  0.2860  5.89930e-01 
  0.2930  5.65980e-01 
  0.3010  5.42240e-01 
  0.3080  5.18760e-01 
  0.3160  4.95590e-01 
  0.3230  4.72800e-01 
  0.3310  4.50430e-01 
  0.3380  4.28510e-01 
  0.3460  4.07090e-01 
  0.3530  3.86210e-01 
  0.3610  3.65890e-01 
  0.3680  3.46170e-01 
  0.3760  3.27060e-01 
  0.3830  3.08590e-01 
  0.3910  2.90770e-01 
  0.3980  2.73620e-01 
  0.4060  2.57150e-01 
  0.4130  2.41350e-01 
  0.4210  2.26240e-01 
  0.4280  2.11820e-01 
  0.4360  1.98080e-01 
  0.4430  1.85020e-01 
  0.4510  1.72620e-01 
  0.4580  1.60890e-01 
  0.4660  1.49810e-01 
  0.4730  1.39360e-01 
  0.4810  1.29530e-01 
  0.4880  1.20300e-01 
  0.4960  1.11660e-01 
  0.5030  1.03580e-01 
  0.5110  9.60490e-02 
  0.5180  8.90400e-02 
  0.5260  8.25320e-02 
  0.5330  7.65030e-02 
  0.5410  7.09300e-02 
  0.5480  6.57900e-02 
  0.5560  6.10600e-02 
  0.5630  5.67160e-02 
  0.5710  5.27360e-02 
  0.5780  4.90970e-02 
  0.5860  4.57770e-02 
  0.5930  4.27530e-02 
  0.6010  4.00040e-02 
  0.6080  3.75090e-02 
  0.6160  3.52490e-02 
  0.6230  3.32030e-02 
  0.6310  3.13530e-02 
  0.6380  2.96820e-02 
  0.6460  2.81720e-02 
  0.6530  2.68080e-02 
  0.6610  2.55740e-02 
  0.6680  2.44560e-02 
  0.6760  2.34410e-02 
  0.6830  2.25170e-02 
  0.6910  2.16710e-02 
  0.6980  2.08940e-02 
  0.7060  2.01770e-02 
  0.7130  1.95090e-02 
  0.7210  1.88840e-02 
  0.7280  1.82940e-02 
  0.7360  1.77330e-02 
  0.7430  1.71950e-02 
  0.7510  1.66760e-02 
  0.7580  1.61710e-02 
  0.7660  1.56780e-02 
  0.7730  1.51920e-02 
  0.7810  1.47120e-02 
  0.7880  1.42360e-02 
  0.7960  1.37610e-02 
  0.8030  1.32890e-02 
  0.8110  1.28160e-02 
  0.8180  1.23440e-02 
  0.8260  1.18720e-02 
  0.8330  1.14010e-02 
  0.8410  1.09310e-02 
  0.8480  1.04620e-02 
  0.8560  9.99590e-03 
  0.8630  9.53290e-03 
  0.8710  9.07420e-03 
  0.8780  8.62080e-03 
  0.8860  8.17380e-03 
  0.8930  7.73440e-03 
  0.9010  7.30350e-03 
  0.9080  6.88220e-03 
  0.9150  6.47160e-03 
  0.9230  6.07260e-03 
  0.9300  5.68610e-03 
  0.9380  5.31290e-03 
  0.9450  4.95370e-03 
  0.9530  4.60910e-03 
  0.9600  4.27970e-03 
  0.9680  3.96580e-03 
  0.9750  3.66780e-03 
  0.9830  3.38590e-03 
  0.9900  3.12030e-03 
  0.9980  2.87080e-03 
  1.0050  2.63760e-03 
  1.0130  2.42030e-03 
  1.0200  2.21870e-03 
  1.0280  2.03260e-03 
  1.0350  1.86140e-03 
  1.0420  1.70480e-03 
  1.0500  1.56220e-03 
  1.0570  1.43310e-03 
  1.0650  1.31670e-03 
  1.0720  1.21250e-03 
  1.0800  1.11970e-03 
  1.0870  1.03770e-03 
  1.0950  9.65640e-04 
  1.1020  9.02900e-04 
  1.1100  8.48710e-04 
  1.1170  8.02320e-04 
  1.1240  7.63010e-04 
  1.1320  7.30080e-04 
  1.1390  7.02830e-04 
  1.1470  6.80590e-04 
  1.1540  6.62720e-04 
  1.1620  6.48600e-04 
  1.1690  6.37650e-04 
  1.1770  6.29340e-04 
  1.1840  6.23150e-04 
  1.1920  6.18610e-04 
  1.1990  6.15290e-04 
  1.2060  6.12790e-04 
  1.2140  6.10750e-04 
  1.2210  6.08880e-04 
  1.2290  6.06870e-04 
  1.2360  6.04510e-04 
  1.2440  6.01570e-04 
  1.2510  5.97890e-04 
  1.2580  5.93330e-04 
  1.2660  5.87800e-04 
  1.2730  5.81200e-04 
  1.2810  5.73490e-04 
  1.2880  5.64640e-04 
  1.2960  5.54660e-04 
  1.3030  5.43550e-04 
  1.3110  5.31370e-04 
  1.3180  5.18150e-04 
  1.3250  5.03960e-04 
  1.3330  4.88890e-04 
  1.3400  4.73010e-04 
  1.3480  4.56430e-04 
  1.3550  4.39240e-04 
  1.3620  4.21550e-04 
  1.3700  4.03460e-04 
  1.3770  3.85080e-04 
  1.3850  3.66520e-04 
  1.3920  3.47880e-04 
  1.4000  3.29270e-04 
  1.4070  3.10780e-04 
  1.4140  2.92510e-04 
  1.4220  2.74530e-04 
  1.4290  2.56940e-04 
  1.4370  2.39800e-04 
  1.4440  2.23190e-04 
  1.4510  2.07160e-04 
  1.4590  1.91760e-04 
  1.4660  1.77050e-04 
  1.4740  1.63050e-04 
  1.4810  1.49790e-04 
  1.4880  1.37300e-04 
  1.4960  1.25600e-04 
  1.5030  1.14690e-04 
  1.5110  1.04570e-04 
  1.5180  9.52370e-05 
  1.5250  8.66850e-05 
  1.5330  7.88980e-05 
  1.5400  7.18570e-05 
  1.5480  6.55370e-05 
  1.5550  5.99110e-05 
  1.5620  5.49480e-05 
  1.5700  5.06160e-05 
  1.5770  4.68790e-05 
  1.5850  4.36990e-05 
  1.5920  4.10370e-05 
  1.5990  3.88530e-05 
  1.6070  3.71080e-05 
  1.6140  3.57610e-05 
  1.6220  3.47710e-05 
  1.6290  3.40980e-05 
  1.6360  3.37040e-05 
  1.6440  3.35510e-05 
  1.6510  3.36020e-05 
  1.6580  3.38210e-05 
  1.6660  3.41760e-05 
  1.6730  3.46350e-05 
  1.6810  3.51680e-05 
  1.6880  3.57480e-05 
  1.6950  3.63500e-05 
  1.7030  3.69490e-05 
  1.7100  3.75270e-05 
  1.7170  3.80630e-05 
  1.7250  3.85410e-05 
  1.7320  3.89480e-05 
  1.7390  3.92710e-05 
  1.7470  3.95000e-05 
  1.7540  3.96280e-05 
  1.7620  3.96480e-05 
  1.7690  3.95570e-05 
  1.7760  3.93510e-05 
  1.7840  3.90310e-05 
  1.7910  3.85970e-05 
  1.7980  3.80500e-05 
  1.8060  3.73950e-05 
  1.8130  3.66370e-05 
  1.8200  3.57800e-05 
  1.8280  3.48310e-05 
  1.8350  3.37970e-05 
  1.8420  3.26870e-05 
  1.8500  3.15090e-05 
  1.8570  3.02710e-05 
  1.8640  2.89820e-05 

